1842
779
510
1668
471
1637
796
164
1923
672
1342
1188
317
1067
786
401
1207
1953
566
541
431
1353
546
239
1049
298
1557
66
1513
606
831
1629
810
1713
342
1167
671
873
583
721
350
1625
1390
269
803
189
181
487
1002
393
549
366
1440
306
703
1809
1298
112
1956
716
436
695
1675
1426
1754
46
1823
571
1280
1491
1461
1365
229
1295
1560
1950
1539
274
259
1900
1451
1342
1135
1375
797
626
496
361
588
855
1773
195
545
758
1834
1595
1138
648
1372
431
1032
251
1534
382
125
1005
1026
1031
740
1126
205
1892
659
1224
1550
1979
294
288
195
1014
1333
1993
785
82
299
752
359
548
1746
1175
297
176
1071
1778
1220
392
1011
1370
1069
1464
620
1436
980
561
1964
702
1105
314
779
34
923
1996
1045
1675
272
1630
249
1488
507
322
1782
1373
1813
117
1629
66
24
814
449
675
378
401
97
593
737
1004
1467
1180
550
252
1707
1985
144
1866
1072
1340
1533
1850
907
342
1176
1305
154
660
1577
1102
1093
1599
951
791
1593
1136
516
1077
969
618
1408
1588
1704
626
1116
537
132
904
1858
2
514
162
56
1952
84
845
1482
1448
1149
254
330
779
232
1326
879
1582
679
1604
334
846
331
1713
990
1291
1090
576
934
1394
607
532
1127
75
1250
555
1930
1297
603
1835
1640
59
862
1821
510
1964
385
1602
783
1605
1994
1283
1455
516
1815
855
1660
485
1501
234
33
1386
1603
101
1089
990
1493
1064
142
1717
1000
231
949
95
1225
1551
64
71
123
638
1044
957
223
109
1815
1033
1492
645
284
1031
1866
438
948
1067
1959
1689
521
598
1575
535
667
1347
1976
54
1221
580
1797
307
460
1742
1428
1030
1716
1929
738
806
1366
1240
173
331
1172
1792
97
258
554
666
317
679
778
1564
17
1696
887
1492
38
852
1534
1976
268
331
1236
1653
588
241
1416
312
341
1596
1420
575
592
1740
132
357
1046
584
855
1226
1229
1679
632
1082
1407
1985
476
567
1779
352
414
785
1821
661
1641
753
147
1605
310
723
415
1262
590
1032
967
500
1432
421
568
111
552
675
913
249
1349
1427
984
1141
158
619
235
1211
1801
443
1001
683
132
903
1133
1515
1712
701
763
654
1914
961
372
1738
720
682
738
1211
1569
894
1707
1632
124
590
1263
701
1383
480
1897
858
1987
106
1331
1721
311
252
1448
1125
1537
818
1161
297
362
575
1553
1934
1539
72
1818
871
1241
831
1040
1733
204
1954
722
1593
766
1935
1116
1223
572
1720
1194
1198
1153
1274
1871
1120
843
1151
54
464
426
187
1353
821
885
294
45
1293
351
1304
1769
1991
1809
1166
1374
1207
775
554
1384
1120
1497
1230
1932
1291
1454
626
896
1015
662
1505
986
14
82
1936
1273
332
1716
8
1770
891
1956
695
150
1398
842
506
208
1649
75
401
1584
718
1644
1382
189
162
577
348
1623
1731
1015
461
1021
1906
1052
450
1592
478
1821
1003
905
281
1577
137
1401
175
1965
0
411
593
1883
740
1541
462
643
681
485
1437
73
1546
360
928
450
857
711
1942
335
128
1213
709
1646
1568
1651
240
885
934
1336
1943
573
1580
1094
1548
1780
1284
1431
757
1780
368
257
1387
52
1851
196
1397
1988
1834
1829
837
712
1791
395
441
1601
738
985
408
746
1670
1361
425
1798
216
1049
269
1294
581
58
1404
1683
1126
1333
1261
650
942
920
1521
44
9
1070
1738
729
174
984
397
1420
630
844
423
401
1569
1786
1761
636
107
343
135
950
238
1216
1820
651
1803
349
1737
28
486
1929
1721
178
1663
1318
1538
1204
350
1974
1107
1450
1870
1646
917
698
655
1146
1138
1537
1149
1031
1016
867
1629
885
1680
1557
1398
1796
90
339
599
602
1604
1389
1138
866
49
350
321
127
1566
1110
1560
1272
1146
1452
1270
956
798
1806
267
1723
1986
1928
680
107
781
1379
659
1792
1499
471
502
522
219
1915
498
446
998
729
1217
816
811
1938
344
1174
937
1967
1271
1592
152
227
346
1494
194
490
445
911
439
858
1131
1831
1035
969
1690
304
806
6
731
1741
1095
1054
1651
1468
1676
1596
1332
377
820
1903
382
923
1038
1728
1359
984
922
809
1560
332
319
1697
43
804
927
1069
416
1366
620
1991
407
382
916
1603
578
1238
1463
233
1905
1066
1604
1093
1549
968
1979
823
417
153
1789
309
1796
1511
1716
1408
449
541
1611
574
1585
1643
396
1077
1695
666
1648
1585
1198
1735
551
469
1161
943
1000
1477
776
873
31
1752
268
358
1030
1675
1957
664
679
1057
1847
1197
1606
1173
147
30
1984
137
925
514
83
1238
690
863
1717
1753
237
943
369
1765
427
1448
301
982
24
1970
1505
264
1320
1565
1618
215
1613
1493
1412
178
394
1646
279
998
282
1046
1277
1867
334
1696
53
318
945
406
538
434
1875
1131
1935
1483
783
524
957
1640
511
109
1620
1899
1362
788
880
783
506
45
11
1691
1407
1300
71
843
792
1835
1163
1310
391
933
1689
1463
1188
1540
433
1829
835
1764
483
888
1943
208
1694
1617
1695
7
1290
988
776
1382
1708
460
1199
1764
1888
335
663
886
1045
506
344
1014
1922
1733
1499
1322
1366
399
179
1418
1475
1170
1685
1061
746
1750
1391
1533
1557
1260
215
613
1618
1062
221
1960
1934
1860
197
421
1824
421
1492
698
761
265
176
685
150
1526
199
1220
959
716
1108
1759
232
904
122
813
1366
182
364
766
161
795
421
615
83
355
514
73
729
16
891
360
1768
481
903
712
1899
733
1754
325
1227
1491
1531
1301
7
1057
292
945
1332
865
1742
1378
1000
291
763
323
224
1876
644
1659
241
343
1170
1273
1673
271
1457
889
1143
1698
648
512
1625
1652
1073
1018
1511
1011
134
1213
1866
873
1245
1302
1511
1815
1749
1692
577
995
729
772
832
903
1400
530
817
1331
170
1400
1361
1200
852
1468
1961
563
1846
1740
1924
69
869
1012
1496
482
1534
1149
1891
638
1410
1967
716
734
1280
183
859
607
1482
1300
356
1183
1641
331
413
1344
3
736
80
925
1360
519
1884
704
1309
1977
1913
1569
1602
543
1667
1611
1065
38
452
1762
1264
483
398
795
862
1880
981
1141
466
748
1764
216
1963
1978
607
1254
1373
951
629
1656
1425
1047
908
1934
192
1446
174
793
328
1051
1406
1222
16
1207
1780
1723
784
1429
1510
285
1550
444
59
922
561
1878
1196
123
1615
1062
1134
1595
1592
1056
700
919
1091
1627
641
1175
1894
1141
1353
1280
868
313
1848
684
1961
495
788
268
443
1576
499
844
852
716
618
110
1409
801
1553
529
1431
54
601
1136
811
1329
481
1915
212
912
126
399
1724
1240
1139
263
1782
441
782
143
1149
1846
1000
156
1978
249
1892
827
1726
1746
1339
448
371
142
1065
1941
1706
1399
82
1864
206
1922
78
1244
905
556
1447
208
296
1427
765
1786
160
1374
1931
1906
438
355
1272
749
898
1554
1010
398
1343
1034
531
983
373
614
465
1069
291
1680
1658
1298
821
736
92
1903
606
654
242
17
1989
1982
1089
227
326
1221
281
846
784
376
118
90
401
1600
91
879
811
269
772
788
319
557
1325
1215
1587
200
808
1100
1131
926
1874
1097
925
608
922
364
374
1407
1132
67
1028
259
1777
413
390
1224
728
1495
425
1705
1729
1700
1192
1860
1236
124
466
1363
192
1726
754
1257
680
1902
36
1163
522
802
1327
1225
1000
427
1988
947
1605
1367
535
34
1251
449
1679
1572
507
1950
38
1147
1501
223
1027
1505
578
1254
1388
224
1904
1941
1769
1379
771
331
1686
879
1668
1964
1994
656
572
653
287
295
388
1703
810
469
1777
741
398
510
210
1859
359
1654
1364
269
1850
1833
72
1825
433
107
1827
1672
1967
819
1359
819
1934
390
471
166
877
1776
227
1900
1973
1086
1258
198
1097
304
1587
132
1566
1843
1174
1394
1174
787
1128
1231
1630
1388
1286
10
478
186
1054
1448
1715
990
1512
1562
901
47
914
355
448
1072
149
1879
994
1384
119
1785
62
825
66
1715
789
32
221
2
4
78
1379
1447
270
1245
777
1473
741
605
562
838
291
109
50
1031
1054
946
1825
682
871
1043
836
691
64
609
1007
1474
561
1075
1018
947
1270
707
606
1469
470
799
800
22
700
471
1046
448
1858
42
228
136
1404
970
948
1632
778
992
897
760
450
1443
1161
1372
390
533
439
242
1686
93
185
865
593
1821
1270
944
129
209
378
1532
328
1325
153
1057
1024
1053
1552
257
1144
600
1081
1664
1448
293
452
571
96
370
249
1965
899
83
1395
1476
1012
942
1425
130
1763
770
1741
1466
981
1629
1694
1146
1778
1847
1735
1861
1806
1737
609
1523
262
227
1732
1101
877
1043
523
660
691
1181
161
700
172
613
1439
1317
1199
11
38
176
1524
937
275
939
807
652
1103
388
373
1093
1423
439
879
1046
414
506
153
527
1522
289
1758
272
547
1835
1078
457
93
1085
1453
581
1325
11
912
585
1216
1231
1664
279
615
624
1830
546
1117
1181
781
611
1294
15
427
1601
991
750
1725
1030
813
963
748
835
1959
557
1733
1324
412
377
532
960
967
1474
1527
78
1169
1996
130
789
1109
59
1420
1642
1499
1400
1547
1463
1887
1666
1193
1985
1720
105
1619
63
1073
79
1427
1670
811
1480
759
581
719
27
1933
120
363
790
1941
110
1917
300
701
1214
1053
234
81
29
1502
1091
1251
1023
1401
1596
1011
1624
1234
593
1872
1982
1996
168
97
1135
711
633
483
670
903
1578
1700
208
1441
712
990
160
255
1187
102
1030
1252
1695
1678
904
918
712
1214
112
1915
2
1551
439
319
1771
154
1043
1124
1615
71
596
1168
120
1476
1621
1693
169
488
731
225
145
189
1997
762
1429
829
102
1059
657
987
546
108
1109
633
1883
145
475
1412
749
327
641
1965
1508
757
617
1064
1727
972
1639
1903
1724
691
1950
728
1498
1481
1002
1782
418
701
1556
1209
170
250
332
1609
91
186
1937
152
294
616
1560
414
1705
651
1099
1080
132
1157
1113
23
1190
967
714
1660
1037
1723
715
1263
821
639
31
1280
54
1631
1309
814
11
1836
632
200
1978
638
770
1561
774
348
1371
1847
890
1326
532
384
1513
1945
1543
1415
651
1447
574
1517
64
1211
1020
1471
1222
1867
1523
1621
969
475
1237
1817
1736
1734
799
1204
1086
1611
1355
1738
1180
719
303
846
1830
364
1737
948
946
701
1742
1828
193
1152
388
450
1202
767
1811
1170
1855
1014
1849
1847
1821
96
520
1979
606
517
830
857
594
710
1105
899
170
578
260
1201
